<!DOCTYPE puzzle PUBLIC "-//conceptispuzzles.com//DTD XHTML 1.1 plus Target 1.0//EN" "dtd/xhtml11-target.dtd">
<puzzle>
	<header>
		<guid>24EBD99A-E1D9-49CD-80E9-6BA3D1B28E4A</guid>
		<code family="11" variant="0" model="28x22" />
		<serialNumber>90101648</serialNumber>
		<formatVersion major="2" minor="0" />
		<builderVersion>8.7.4294.35581</builderVersion>
		<creationDate>2011-10-31T08:33:21Z</creationDate>
		<properties>
			<numeric name="width" value="28" unit="block" />
			<numeric name="height" value="22" unit="block" />
			<numeric name="difficulty" value="4" />
		</properties>
	</header>
	<data>
		<dimensions width="28" height="22" />
		<source>2 2 2 1 2 4 4 4 3 4 5 2 2 2 3 3 2 2 2 6 5 4 5 1 3 4 1 1 2 3 2 3 8 4 5 2 2 3 3 2 2 2 2 5 4 1 3 2 1 3 4 8 2 1 2 6 6 1 1 2 3 3 3 2 2 1 3 3 1 2 2 2 2 1 2 1 2 2 4 4 1 3 2 1 2 4 1 3 3 2 3 2 2 3 5 2 3 3 1 3 2 3 1 2 3 2 2 3 1 1 3 2 4 3 3 4 2 4 4 2 2 1 3 2 2 5 3 4 2 1 1 2 3 1 3 4 5 5 2 2 4 3 3 2 3 2 2 3 4 3 2 2 2 3 1 2 4 4 8 4 4 2 3 2 5 3 1 1 3 1 3 2 2 3 1 2 1 4 4 5 4 2 2 4 4 4 1 2 3 1 2 2 2 3 2 1 2 2 4 5 4 3 2 4 3 3</source>
		<placement>
			<row y="0">0 -1 17 -1 30 -1 47 -1 64 -1 -1 88 -1 -1 112 -1 -1 132 -1 144 -1 156 -1 -1 177 -1 -1 197</row>
			<row y="1">-1 9 -1 25 -1 38 -1 55 -1 -1 78 -1 -1 -1 -1 121 -1 -1 -1 -1 -1 -1 -1 169 -1 -1 -1 -1</row>
			<row y="2">-1 -1 -1 -1 31 -1 48 -1 -1 -1 -1 -1 98 -1 113 -1 -1 133 -1 -1 -1 157 -1 -1 178 -1 191 -1</row>
			<row y="3">1 -1 -1 26 -1 39 -1 56 -1 69 -1 89 -1 105 -1 122 -1 -1 -1 145 -1 -1 -1 -1 -1 186 -1 198</row>
			<row y="4">-1 10 -1 -1 32 -1 49 -1 65 -1 79 -1 99 -1 -1 -1 -1 134 -1 -1 -1 158 -1 170 -1 -1 -1 -1</row>
			<row y="5">2 -1 18 -1 -1 -1 -1 57 -1 -1 -1 -1 -1 -1 114 -1 128 -1 141 -1 150 -1 166 -1 179 -1 -1 199</row>
			<row y="6">-1 11 -1 -1 -1 40 -1 -1 -1 70 -1 90 -1 106 -1 -1 -1 -1 -1 -1 -1 159 -1 171 -1 187 -1 -1</row>
			<row y="7">3 -1 19 -1 33 -1 50 -1 66 -1 80 -1 100 -1 -1 123 -1 135 -1 -1 151 -1 -1 -1 180 -1 -1 -1</row>
			<row y="8">-1 12 -1 27 -1 41 -1 58 -1 71 -1 91 -1 -1 115 -1 129 -1 -1 -1 -1 -1 -1 172 -1 188 -1 200</row>
			<row y="9">-1 -1 20 -1 34 -1 51 -1 67 -1 81 -1 101 -1 -1 124 -1 136 -1 146 -1 160 -1 -1 -1 -1 -1 -1</row>
			<row y="10">4 -1 -1 -1 -1 42 -1 59 -1 72 -1 92 -1 107 -1 -1 -1 -1 -1 -1 -1 -1 -1 -1 181 -1 -1 201</row>
			<row y="11">-1 13 -1 28 -1 -1 -1 -1 -1 -1 82 -1 102 -1 116 -1 -1 137 -1 147 -1 161 -1 -1 -1 -1 192 -1</row>
			<row y="12">5 -1 -1 -1 35 -1 52 -1 -1 73 -1 93 -1 108 -1 -1 -1 -1 -1 -1 -1 -1 -1 173 -1 189 -1 202</row>
			<row y="13">-1 -1 21 -1 -1 -1 -1 -1 -1 -1 83 -1 103 -1 117 -1 130 -1 -1 148 -1 162 -1 -1 182 -1 193 -1</row>
			<row y="14">-1 14 -1 29 -1 43 -1 60 -1 74 -1 94 -1 109 -1 -1 -1 -1 -1 -1 152 -1 -1 174 -1 190 -1 203</row>
			<row y="15">-1 -1 -1 -1 -1 -1 -1 -1 -1 -1 84 -1 -1 -1 -1 -1 -1 138 -1 149 -1 163 -1 -1 183 -1 194 -1</row>
			<row y="16">6 -1 22 -1 -1 44 -1 61 -1 75 -1 95 -1 -1 118 -1 131 -1 -1 -1 153 -1 -1 -1 -1 -1 -1 -1</row>
			<row y="17">-1 15 -1 -1 36 -1 53 -1 68 -1 85 -1 -1 110 -1 125 -1 -1 142 -1 -1 164 -1 175 -1 -1 -1 204</row>
			<row y="18">7 -1 23 -1 -1 45 -1 62 -1 76 -1 96 -1 -1 119 -1 -1 139 -1 -1 154 -1 167 -1 -1 -1 195 -1</row>
			<row y="19">-1 -1 -1 -1 -1 -1 -1 -1 -1 -1 86 -1 -1 111 -1 126 -1 -1 -1 -1 -1 -1 -1 -1 184 -1 -1 205</row>
			<row y="20">-1 16 -1 -1 37 -1 54 -1 -1 77 -1 97 -1 -1 120 -1 -1 -1 143 -1 -1 165 -1 176 -1 -1 -1 -1</row>
			<row y="21">8 -1 24 -1 -1 46 -1 63 -1 -1 87 -1 104 -1 -1 127 -1 140 -1 -1 155 -1 168 -1 185 -1 196 -1</row>
		</placement>
		<solution>0 1 1 0 17 1 1 2 1 1 26 0 2 3 1 2 18 0 3 4 0 3 19 0 4 5 2 4 42 0 5 6 2 5 35 0 6 7 2 6 22 0 7 8 2 7 23 0 8 24 1 9 10 2 9 25 2 10 11 1 10 32 2 11 12 1 11 40 0 12 13 1 12 27 0 13 14 1 13 28 0 14 15 2 14 29 0 15 16 1 15 36 0 16 37 1 17 18 0 17 30 1 18 19 2 18 57 0 19 20 2 19 33 2 20 21 2 20 34 1 21 22 2 21 83 0 22 23 1 22 44 2 23 24 0 23 45 0 24 46 2 25 26 1 25 38 1 26 27 0 26 39 0 27 28 0 27 41 1 28 29 2 28 82 0 29 43 1 30 31 0 30 47 1 31 32 2 31 48 1 32 33 2 32 49 2 33 34 0 33 50 0 34 35 2 34 51 2 35 36 0 35 52 0 36 37 1 36 53 1 37 54 1 38 39 0 38 55 2 39 40 0 39 56 2 40 41 1 40 70 1 41 42 0 41 58 0 42 43 2 42 59 0 43 44 1 43 60 1 44 45 0 44 61 1 45 46 0 45 62 1 46 63 1 47 48 0 47 64 1 48 49 0 48 98 0 49 50 0 49 65 1 50 51 2 50 66 2 51 52 2 51 67 2 52 53 0 52 73 0 53 54 0 53 68 0 54 77 1 55 56 2 55 78 2 56 57 0 56 69 2 57 58 0 57 114 1 58 59 0 58 71 1 59 60 1 59 72 1 60 61 0 60 74 1 61 62 1 61 75 1 62 63 0 62 76 1 63 87 1 64 65 0 64 88 1 65 66 0 65 79 0 66 67 0 66 80 1 67 68 0 67 81 1 68 85 1 69 70 0 69 89 0 70 71 0 70 90 1 71 72 0 71 91 1 72 73 1 72 92 0 73 74 0 73 93 0 74 75 0 74 94 1 75 76 0 75 95 0 76 77 0 76 96 1 77 97 1 78 79 2 78 121 0 79 80 0 79 99 2 80 81 0 80 100 0 81 82 1 81 101 1 82 83 1 82 102 0 83 84 0 83 103 0 84 85 2 84 138 0 85 86 0 85 110 1 86 87 0 86 111 1 87 104 2 88 89 1 88 112 1 89 90 0 89 105 1 90 91 1 90 106 1 91 92 0 91 115 0 92 93 1 92 107 1 93 94 2 93 108 0 94 95 1 94 109 1 95 96 0 95 118 1 96 97 0 96 119 2 97 120 2 98 99 0 98 113 1 99 100 0 99 134 1 100 101 2 100 123 0 101 102 0 101 124 0 102 103 1 102 116 0 103 104 0 103 117 1 104 127 1 105 106 0 105 122 1 106 107 1 106 159 0 107 108 1 107 181 0 108 109 0 108 173 0 109 110 0 109 152 0 110 111 0 110 125 2 111 126 1 112 113 2 112 132 1 113 114 0 113 133 0 114 115 2 114 128 0 115 116 1 115 129 1 116 117 0 116 137 1 117 118 2 117 130 1 118 119 0 118 131 1 119 120 0 119 139 0 120 143 0 121 122 1 121 169 0 122 123 0 122 145 1 123 124 0 123 135 2 124 125 0 124 136 2 125 126 1 125 142 2 126 127 1 126 184 0 127 140 2 128 129 0 128 141 2 129 130 0 129 172 0 130 131 0 130 148 0 131 153 1 132 133 1 132 144 1 133 134 0 133 157 0 134 135 0 134 158 2 135 136 1 135 151 1 136 137 2 136 146 0 137 138 0 137 147 2 138 139 0 138 149 2 139 140 1 139 154 1 140 155 1 141 142 0 141 150 1 142 143 0 142 164 1 143 165 2 144 145 1 144 156 1 145 146 0 145 186 0 146 147 0 146 160 2 147 148 1 147 161 0 148 149 1 148 162 2 149 163 0 150 151 1 150 166 0 151 152 0 151 180 0 152 153 2 152 174 0 153 154 0 154 155 0 154 167 0 155 168 1 156 157 2 156 177 1 157 158 2 157 178 0 158 159 2 158 170 2 159 160 1 159 171 1 160 161 1 161 162 1 161 192 0 162 163 0 162 182 0 163 164 2 163 183 0 164 165 1 164 175 1 165 176 0 166 167 0 166 179 1 167 168 1 167 195 0 168 185 1 169 170 1 170 171 0 171 172 1 171 187 0 172 173 1 172 188 0 173 174 1 173 189 1 174 175 0 174 190 0 175 176 1 175 204 0 177 178 2 177 197 1 178 179 0 178 191 2 179 180 2 179 199 2 180 181 2 181 182 0 181 201 0 182 183 1 182 193 1 183 184 2 183 194 1 184 185 1 184 205 1 185 196 2 186 187 0 186 198 1 187 188 2 188 189 0 188 200 1 189 190 0 189 202 0 190 203 2 191 192 0 192 193 2 193 194 0 194 195 1 195 196 0 197 198 1 198 199 2 199 200 1 200 201 2 201 202 1 202 203 1 203 204 1 204 205 2</solution>
	</data>
</puzzle>